# Created by Octave 3.8.0, Sun Oct 25 16:52:29 2015 MSK <Alex@MacBook-Pro-Aleksej.local>
# name: v
# type: matrix
# rows: 10
# columns: 1
 4300
 4000
 23
 53
 425
 64
 536
 365476
 7576
 567


